 <pre>

 Contingency table for Cloud base (m)
 Selection: ALL    143 stations
Period: 20200203-20200217
Used {00,12} + 03 06 09 12 15 18 21 24
 Limits    70.0000000       150.000000       300.000000       600.000000       1000.00000       1500.00000       2500.00000       5000.00000    
 Each class is data <= limit, the very last > last limit
 Total number of values       25861
                                                       OBSERVATION
                                    166      139      101       42       25       14        1        3       11 |       502
                                     57      210      183       94       17       10        5        0        2 |       578
                                     57      248      631      537       81       47        3       10        4 |      1618
                                     37      111      586     2178     1073      356       81       70       43 |      4535
                      RFRMIN25       12       39      167     1003     2151     1039      134      189      105 |      4839
                                      5       18      121      442      836      949       98      169       86 |      2724
                                      3       19       78      291      380      433      133      118       25 |      1480
                                      5       16       86      345      464      447      186      390       55 |      1994
                                    147       86      267     1126     2142     1610      257      855     1101 |      7591

                    SUM             489      886     2220     6058     7169     4905      898     1804     1432 |     25861
                                                       OBSERVATION
                                    174      160      101       51       25        9        4        7       19 |       550
                                     63      204      190       93       27       14        4        3        4 |       602
                                     50      233      591      504       79       45        3        7        7 |      1519
                                     32      109      539     1847      782      253       56       44       26 |      3688
                       RFRMIN1       10       26      173      903     1665      736       98      127       49 |      3787
                                      3       24      124      447      850      853       82      142       52 |      2577
                                      4       17       93      309      429      473      110      105       19 |      1559
                                      2       21      101      413      515      517      225      378       63 |      2235
                                    151       92      308     1491     2797     2005      316      991     1193 |      9344

                    SUM             489      886     2220     6058     7169     4905      898     1804     1432 |     25861
                                                       OBSERVATION
                                    176      156      103       52       20       12        5        4       16 |       544
                                     63      206      185       90       28       16        5        6        4 |       603
                                     51      229      597      512       70       46        3        6        5 |      1519
                                     35      113      544     1852      749      242       61       49       23 |      3668
                   RFRMIN1_TAU       11       32      169      882     1680      725       85      123       55 |      3762
                                      3       21      135      441      846      848       96      141       52 |      2583
                                      3       15       91      320      436      489      106       94       19 |      1573
                                      2       24       94      418      509      527      215      378       51 |      2218
                                    145       90      302     1491     2831     2000      322     1003     1207 |      9391

                    SUM             489      886     2220     6058     7169     4905      898     1804     1432 |     25861

