 <pre>

 Contingency table for Low clouds (octas)
 Selection: ALL    143 stations
Period: 20200203-20200217
Used {12} + 01 02 ... 24
 Limits    1.00000000       2.00000000       3.00000000       4.00000000       5.00000000       6.00000000       7.00000000    
 Each class is data <= limit, the very last > last limit
 Total number of values       41576
                                              OBSERVATION
                                   4886     1158     1036      818      678      631      847      456 |     10510
                                    573      258      252      220      188      162      231      110 |      1994
                                    426      222      230      176      181      168      223       90 |      1716
                      RFRMIN25      361      201      189      150      149      135      245       89 |      1519
                                    335      189      210      152      132      133      234      105 |      1490
                                    348      221      226      206      165      178      273       99 |      1716
                                    485      346      298      306      274      252      467      183 |      2611
                                   1567     1805     1901     1950     2151     2611     5065     2970 |     20020

                    SUM            8981     4400     4342     3978     3918     4270     7585     4102 |     41576
                                              OBSERVATION
                                   6307     1902     1713     1383     1215     1147     1631      786 |     16084
                                    313      211      204      167      163      152      217       80 |      1507
                                    219      136      145      116      130      111      182       69 |      1108
                       RFRMIN1      212      141      134      133      111      108      140       63 |      1042
                                    183      113      137      129      107       93      184       67 |      1013
                                    197      115      114      134      113      114      202       87 |      1076
                                    240      177      199      177      153      174      324      120 |      1564
                                   1310     1605     1696     1739     1926     2371     4705     2830 |     18182

                    SUM            8981     4400     4342     3978     3918     4270     7585     4102 |     41576
                                              OBSERVATION
                                   6312     1890     1720     1372     1203     1148     1627      796 |     16068
                                    318      193      201      168      152      164      225       76 |      1497
                                    224      160      153      135      122      108      171       62 |      1135
                   RFRMIN1_TAU      211      128      108      123      104      116      157       60 |      1007
                                    177      130      132      138      109       90      170       80 |      1026
                                    188      110      127      122      139      106      215       81 |      1088
                                    240      190      225      180      186      172      299      116 |      1608
                                   1311     1599     1676     1740     1903     2366     4721     2831 |     18147

                    SUM            8981     4400     4342     3978     3918     4270     7585     4102 |     41576

