 <pre>

 Contingency table for Low clouds (octas)
 Selection: Ireland     27 stations
Period: 20200203-20200217
Used {12} + 01 02 ... 24
 Limits    1.00000000       2.00000000       3.00000000       4.00000000       5.00000000       6.00000000       7.00000000    
 Each class is data <= limit, the very last > last limit
 Total number of values        8706
                                              OBSERVATION
                                    807      206      217      167      171      160      281      131 |      2140
                                     96       56       57       59       39       30       74       29 |       440
                                     75       32       52       42       38       44       60       21 |       364
                      RFRMIN25       73       39       32       30       34       20       71       21 |       320
                                     68       33       36       32       35       33       73       26 |       336
                                     58       42       53       42       42       57       82       21 |       397
                                     86       67       61       74       67       56      140       45 |       596
                                    320      268      321      309      352      420     1386      737 |      4113

                    SUM            1583      743      829      755      778      820     2167     1031 |      8706
                                              OBSERVATION
                                   1056      331      351      283      280      279      500      208 |      3288
                                     54       43       46       37       38       37       70       22 |       347
                                     43       37       38       20       29       19       64       14 |       264
                       RFRMIN1       42       18       26       36       34       19       43       21 |       239
                                     40       25       26       27       23       24       62       14 |       241
                                     38       21       25       27       24       29       67       26 |       257
                                     54       38       42       46       34       47      118       36 |       415
                                    256      230      275      279      316      366     1243      690 |      3655

                    SUM            1583      743      829      755      778      820     2167     1031 |      8706
                                              OBSERVATION
                                   1062      334      341      290      275      278      505      210 |      3295
                                     53       35       41       37       40       34       68       22 |       330
                                     44       37       42       25       31       31       51       16 |       277
                   RFRMIN1_TAU       35       26       28       22       21       19       55       19 |       225
                                     35       28       27       38       27       22       60       23 |       260
                                     48       29       31       25       24       28       68       19 |       272
                                     53       32       47       45       44       42      112       32 |       407
                                    253      222      272      273      316      366     1248      690 |      3640

                    SUM            1583      743      829      755      778      820     2167     1031 |      8706

