 <pre>

 Contingency table for Cloud base (m)
 Selection: ALL    143 stations
Period: 20200203-20200217
Used {12} + 03 06 09 12 15 18 21 24
 Limits    70.0000000       150.000000       300.000000       600.000000       1000.00000       1500.00000       2500.00000       5000.00000    
 Each class is data <= limit, the very last > last limit
 Total number of values       12932
                                                       OBSERVATION
                                     75       66       43       21       11        6        1        3        5 |       231
                                     29      114      102       45        8        3        2        0        1 |       304
                                     27      123      319      292       37       27        1        4        0 |       830
                                     18       49      292     1084      568      176       44       38       24 |      2293
                      RFRMIN25        6       24       83      508     1092      523       65       96       53 |      2450
                                      2       10       58      221      416      448       51       84       40 |      1330
                                      1        8       34      153      175      209       62       57       16 |       715
                                      2        7       41      181      222      237       97      199       27 |      1013
                                     84       40      139      565     1057      780      131      426      544 |      3766

                    SUM             244      441     1111     3070     3586     2409      454      907      710 |     12932
                                                       OBSERVATION
                                     83       77       44       25       12        3        4        1        9 |       258
                                     30      111       98       42       13        8        1        2        2 |       307
                                     23      115      303      274       31       26        2        3        2 |       779
                                     14       48      271      907      404      125       34       26       13 |      1842
                       RFRMIN1        7       17       87      457      852      367       46       62       26 |      1921
                                      0       11       63      227      418      384       31       77       22 |      1233
                                      3        8       36      161      202      234       57       50        9 |       760
                                      0        8       50      207      257      258      115      185       33 |      1113
                                     84       46      159      770     1397     1004      164      501      594 |      4719

                    SUM             244      441     1111     3070     3586     2409      454      907      710 |     12932
                                                       OBSERVATION
                                     84       72       46       26       10        5        4        1        8 |       256
                                     30      111       97       41       14        7        3        4        2 |       309
                                     25      113      309      275       29       25        2        2        2 |       782
                                     14       50      270      920      382      119       37       27        9 |      1828
                   RFRMIN1_TAU        7       21       80      442      872      351       43       65       29 |      1910
                                      0        9       67      219      413      394       44       77       25 |      1248
                                      2        7       42      170      208      250       52       48        8 |       787
                                      0       11       48      226      256      273      108      187       24 |      1133
                                     82       47      152      751     1402      985      161      496      603 |      4679

                    SUM             244      441     1111     3070     3586     2409      454      907      710 |     12932

