 <pre>

 Contingency table for Cloud cover (octas)
 Selection: ALL     32 stations
Period: 20200203-20200217
Used {00,12} + 01 02 ... 24
 Limits   0.500000000       1.50000000       2.50000000       3.50000000       4.50000000       5.50000000       6.50000000       7.50000000    
 Each class is data <= limit, the very last > last limit
 Total number of values       13865
                                                       OBSERVATION
                                    339      594      211      180       86       93      104      102       61 |      1770
                                     47      129      110      114       68       80       86       86       39 |       759
                                     21       77       66       74       52       41       59       69       29 |       488
                                     14       57       49       55       46       46       55       63       27 |       412
                      RFRMIN25       11       42       36       53       27       42       47       65       22 |       345
                                     11       48       52       49       42       48       48       91       29 |       418
                                     16       42       42       64       49       74       81      107       33 |       508
                                     24       62       80       95       74       99      119      222       84 |       859
                                     48      183      258      374      375      530      982     2924     2632 |      8306

                    SUM             531     1234      904     1058      819     1053     1581     3729     2956 |     13865
                                                       OBSERVATION
                                    419      812      392      369      182      225      249      260      121 |      3029
                                     15       79       69       93       63       76       70      132       53 |       650
                                     12       37       43       42       46       36       47       63       25 |       351
                                      6       28       32       41       32       49       44       57       27 |       316
                       RFRMIN1       10       26       33       29       30       33       39       68       29 |       297
                                      3       25       27       41       31       29       55       75       25 |       311
                                     10       29       37       47       29       47       71       87       45 |       402
                                     13       35       45       59       51       72      114      178       67 |       634
                                     43      163      226      337      355      486      892     2809     2564 |      7875

                    SUM             531     1234      904     1058      819     1053     1581     3729     2956 |     13865
                                                       OBSERVATION
                                    422      809      384      355      179      217      237      265      132 |      3000
                                     18       73       74       93       56       65       72      135       47 |       633
                                      5       54       49       44       43       48       53       71       30 |       397
                                      5       21       24       48       31       46       40       52       25 |       292
                   RFRMIN1_TAU       10       26       30       29       29       37       41       64       17 |       283
                                      4       23       36       48       29       36       57       86       36 |       355
                                      8       29       29       46       41       42       75       93       39 |       402
                                     13       40       55       59       52       74      114      178       60 |       645
                                     46      159      223      336      359      488      892     2785     2570 |      7858

                    SUM             531     1234      904     1058      819     1053     1581     3729     2956 |     13865

