 <pre>

 Contingency table for Low clouds (octas)
 Selection: ALL    143 stations
Period: 20200203-20200217
Used {00} + 01 02 ... 24
 Limits    1.00000000       2.00000000       3.00000000       4.00000000       5.00000000       6.00000000       7.00000000    
 Each class is data <= limit, the very last > last limit
 Total number of values       41661
                                              OBSERVATION
                                   4944     1256     1051      836      672      595      891      495 |     10740
                                    563      300      264      233      198      180      280      133 |      2151
                                    406      213      196      176      162      182      236       77 |      1648
                      RFRMIN25      342      174      197      156      171      148      196       81 |      1465
                                    330      180      189      192      141      151      237       78 |      1498
                                    369      198      227      212      189      173      264      105 |      1737
                                    465      312      329      286      275      288      451      205 |      2611
                                   1550     1769     1913     1894     2102     2564     5070     2949 |     19811

                    SUM            8969     4402     4366     3985     3910     4281     7625     4123 |     41661
                                              OBSERVATION
                                   6334     2010     1765     1392     1235     1117     1604      821 |     16278
                                    302      193      162      170      154      153      231       65 |      1430
                                    196      146      159      120      121      130      191       79 |      1142
                       RFRMIN1      211      105      121      142      110       87      171       53 |      1000
                                    172      108      101      113      110       98      175       57 |       934
                                    187      108      133      114      104      129      206       70 |      1051
                                    252      182      210      182      165      174      298      125 |      1588
                                   1315     1550     1715     1752     1911     2393     4749     2853 |     18238

                    SUM            8969     4402     4366     3985     3910     4281     7625     4123 |     41661
                                              OBSERVATION
                                   6376     1999     1753     1410     1241     1122     1624      796 |     16321
                                    293      199      184      173      161      135      208       75 |      1428
                                    198      125      147      134      122      122      215       78 |      1141
                   RFRMIN1_TAU      196      136      130      116      106      107      158       53 |      1002
                                    157      117      124      116      109       95      177       63 |       958
                                    196      122      151      127      115      145      209       79 |      1144
                                    264      186      191      178      157      191      295      124 |      1586
                                   1289     1518     1686     1731     1899     2364     4739     2855 |     18081

                    SUM            8969     4402     4366     3985     3910     4281     7625     4123 |     41661

